donor_real_conc	run	donor	donor_conc	biol_rep
0.003	93	AMX	1	1
0.0015	93	AMX	2	1
0.00075	93	AMX	3	1
1	93	BAC	1	1
0.5	93	BAC	2	1
0.25	93	BAC	3	1
8	93	DCS	1	1
4	93	DCS	2	1
2	93	DCS	3	1
1.25	93	NVB	1	1
0.625	93	NVB	2	1
0.3125	93	NVB	3	1
8	93	TRI	1	1
4	93	TRI	2	1
2	93	TRI	3	1
0.006	94	AMX	1	2
0.003	94	AMX	2	2
0.0015	94	AMX	3	2
0.125	94	BAC	1	2
0.0625	94	BAC	2	2
0.03125	94	BAC	3	2
4.375	94	DCS	1	2
2.1875	94	DCS	2	2
1.09375	94	DCS	3	2
0.3125	94	NVB	1	2
0.15625	94	NVB	2	2
0.078125	94	NVB	3	2
8	94	TRI	1	2
4	94	TRI	2	2
2	94	TRI	3	2
1.5	96	CHL	1	1
0.75	96	CHL	2	1
0.375	96	CHL	3	1
0.09	96	ERI	1	1
0.045	96	ERI	2	1
0.0225	96	ERI	3	1
1.5	96	FUS	1	1
0.75	96	FUS	2	1
0.375	96	FUS	3	1
0.04	96	TEL	1	1
0.02	96	TEL	2	1
0.01	96	TEL	3	1
2	96	TMP	1	1
1	96	TMP	2	1
0.5	96	TMP	3	1
4	96	CCCP	1	1
2	96	CCCP	2	1
1	96	CCCP	3	1
1.5	97	CHL	1	2
0.75	97	CHL	2	2
0.375	97	CHL	3	2
0.09	97	ERI	1	2
0.045	97	ERI	2	2
0.0225	97	ERI	3	2
1.5	97	FUS	1	2
0.75	97	FUS	2	2
0.375	97	FUS	3	2
0.02	97	TEL	1	2
0.01	97	TEL	2	2
0.005	97	TEL	3	2
2	97	TMP	1	2
1	97	TMP	2	2
0.5	97	TMP	3	2
4	97	CCCP	1	2
2	97	CCCP	2	2
1	97	CCCP	3	2
4	101	AUR	1	1
2	101	AUR	2	1
1	101	AUR	3	1
1	101	AZM	1	1
0.5	101	AZM	2	1
0.25	101	AZM	3	1
2	101	BZK	1	1
1	101	BZK	2	1
0.5	101	BZK	3	1
0.028	101	FEP	1	1
0.014	101	FEP	2	1
0.007	101	FEP	3	1
0.5	101	CIP	1	1
0.25	101	CIP	2	1
0.125	101	CIP	3	1
2	101	CLA	1	1
1	101	CLA	2	1
0.5	101	CLA	3	1
0.5	102	AUR	1	2
0.25	102	AUR	2	2
0.125	102	AUR	3	2
1	102	AZM	1	2
0.5	102	AZM	2	2
0.25	102	AZM	3	2
2	102	BZK	1	2
1	102	BZK	2	2
0.5	102	BZK	3	2
0.028	102	FEP	1	2
0.014	102	FEP	2	2
0.007	102	FEP	3	2
0.5	102	CIP	1	2
0.25	102	CIP	2	2
0.125	102	CIP	3	2
2	102	CLA	1	2
1	102	CLA	2	2
0.5	102	CLA	3	2
1000	103	ASA	1	1
500	103	ASA	2	1
250	103	ASA	3	1
0.007	103	CTX	1	1
0.0035	103	CTX	2	1
0.00175	103	CTX	3	1
0.28	103	CLR	1	1
0.14	103	CLR	2	1
0.07	103	CLR	3	1
1.5	103	CTC	1	1
0.75	103	CTC	2	1
0.375	103	CTC	3	1
4	103	DAP	1	1
2	103	DAP	2	1
1	103	DAP	3	1
1000	104	ASA	1	2
500	104	ASA	2	2
250	104	ASA	3	2
0.007	104	CTX	1	2
0.0035	104	CTX	2	2
0.00175	104	CTX	3	2
0.28	104	CLR	1	2
0.14	104	CLR	2	2
0.07	104	CLR	3	2
1.5	104	CTC	1	2
0.75	104	CTC	2	2
0.375	104	CTC	3	2
4	104	DAP	1	2
2	104	DAP	2	2
1	104	DAP	3	2
0.25	107	CXA	1	1
0.125	107	CXA	2	1
0.0625	107	CXA	3	1
0.05	107	CLI	1	1
0.025	107	CLI	2	1
0.0125	107	CLI	3	1
1	107	DXR	1	1
0.5	107	DXR	2	1
0.25	107	DXR	3	1
50	107	EGCG	1	1
25	107	EGCG	2	1
12.5	107	EGCG	3	1
5	107	FOF	1	1
2.5	107	FOF	2	1
1.25	107	FOF	3	1
8	107	GEN	1	1
4	107	GEN	2	1
2	107	GEN	3	1
0.25	108	CXA	1	2
0.125	108	CXA	2	2
0.0625	108	CXA	3	2
0.05	108	CLI	1	2
0.025	108	CLI	2	2
0.0125	108	CLI	3	2
1	108	DXR	1	2
0.5	108	DXR	2	2
0.25	108	DXR	3	2
50	108	EGCG	1	2
25	108	EGCG	2	2
12.5	108	EGCG	3	2
5	108	FOF	1	2
2.5	108	FOF	2	2
1.25	108	FOF	3	2
8	108	GEN	1	2
4	108	GEN	2	2
2	108	GEN	3	2
0.026	110	IPM	1	1
0.013	110	IPM	2	1
0.0065	110	IPM	3	1
0.69	110	LCX	1	1
0.345	110	LCX	2	1
0.1725	110	LCX	3	1
0.86	110	LIN	1	1
0.43	110	LIN	2	1
0.215	110	LIN	3	1
0.42	110	LZD	1	1
0.21	110	LZD	2	1
0.105	110	LZD	3	1
68.57	110	LOP	1	1
34.285	110	LOP	2	1
17.1425	110	LOP	3	1
4.29	110	MTR	1	1
2.145	110	MTR	2	1
1.0725	110	MTR	3	1
0.026	111	IPM	1	2
0.013	111	IPM	2	2
0.0065	111	IPM	3	2
0.69	111	LCX	1	2
0.345	111	LCX	2	2
0.1725	111	LCX	3	2
0.86	111	LIN	1	2
0.43	111	LIN	2	2
0.215	111	LIN	3	2
0.42	111	LZD	1	2
0.21	111	LZD	2	2
0.105	111	LZD	3	2
68.57	111	LOP	1	2
34.285	111	LOP	2	2
17.1425	111	LOP	3	2
4.29	111	MTR	1	2
2.145	111	MTR	2	2
1.0725	111	MTR	3	2
4.29	112	MCZ	1	1
2.145	112	MCZ	2	1
1.0725	112	MCZ	3	1
0.0043	112	MMC	1	1
0.00215	112	MMC	2	1
0.001075	112	MMC	3	1
0.02	112	MXF	1	1
0.01	112	MXF	2	1
0.005	112	MXF	3	1
1.71	112	NSN	1	1
0.855	112	NSN	2	1
0.4275	112	NSN	3	1
5.14	112	NIT	1	1
2.57	112	NIT	2	1
1.285	112	NIT	3	1
4.29	113	MCZ	1	2
2.145	113	MCZ	2	2
1.0725	113	MCZ	3	2
0.0043	113	MMC	1	2
0.00215	113	MMC	2	2
0.001075	113	MMC	3	2
0.02	113	MXF	1	2
0.01	113	MXF	2	2
0.005	113	MXF	3	2
1.71	113	NSN	1	2
0.855	113	NSN	2	2
0.4275	113	NSN	3	2
5.14	113	NIT	1	2
2.57	113	NIT	2	2
1.285	113	NIT	3	2
2	114	PRI	1	1
1	114	PRI	2	1
0.5	114	PRI	3	1
342	114	PRC	1	1
171	114	PRC	2	1
85.5	114	PRC	3	1
0.12	114	MUP	1	1
0.06	114	MUP	2	1
0.03	114	MUP	3	1
5.71	114	PLM	1	1
2.855	114	PLM	2	1
1.4275	114	PLM	3	1
1.3	114	PYO	1	1
0.65	114	PYO	2	1
0.325	114	PYO	3	1
0.2	114	RIF	1	1
0.1	114	RIF	2	1
0.05	114	RIF	3	1
0.0155	115	DOX	1	1
0.00775	115	DOX	2	1
0.003875	115	DOX	3	1
0.062	115	ORI	1	1
0.031	115	ORI	2	1
0.0155	115	ORI	3	1
0.04	115	OXA	1	1
0.02	115	OXA	2	1
0.01	115	OXA	3	1
0.5	115	LEX	1	1
0.25	115	LEX	2	1
0.125	115	LEX	3	1
16	115	SPT	1	1
8	115	SPT	2	1
4	115	SPT	3	1
8	115	STR	1	1
4	115	STR	2	1
2	115	STR	3	1
6	116	PQ	1	1
3	116	PQ	2	1
1.5	116	PQ	3	1
0.014	116	PEN	1	1
0.007	116	PEN	2	1
0.0035	116	PEN	3	1
4.8	116	STZ	1	1
2.4	116	STZ	2	1
1.2	116	STZ	3	1
4	116	SMX	1	1
2	116	SMX	2	1
1	116	SMX	3	1
0.125	116	TZD	1	1
0.0625	116	TZD	2	1
0.03125	116	TZD	3	1
2.6	116	TGC	1	1
1.3	116	TGC	2	1
0.65	116	TGC	3	1
4	117	PUR	1	1
2	117	PUR	2	1
1	117	PUR	3	1
0.3	117	TEC	1	1
0.15	117	TEC	2	1
0.075	117	TEC	3	1
7	117	U1	1	1
3.5	117	U1	2	1
1.75	117	U1	3	1
0.125	117	VAN	1	1
0.0625	117	VAN	2	1
0.03125	117	VAN	3	1
2	117	VIR	1	1
0.3	117	VIR	2	1
0.15	117	VIR	3	1
0.062	117	DOX	1	2
0.031	117	DOX	2	2
0.0155	117	DOX	3	2
0.125	118	AZM	1	3
0.0625	118	AZM	2	3
0.03125	118	AZM	3	3
0.031	118	CXA	1	3
0.0155	118	CXA	2	3
0.00775	118	CXA	3	3
0.04	118	OXA	1	2
0.02	118	OXA	2	2
0.01	118	OXA	3	2
16	118	STR	1	2
8	118	STR	2	2
4	118	STR	3	2
0.125	118	TZD	1	2
0.0625	118	TZD	2	2
0.03125	118	TZD	3	2
2.6	118	TGC	1	2
1.3	118	TGC	2	2
0.65	118	TGC	3	2
0.03125	119	CLR	1	3
0.015625	119	CLR	2	3
0.0078125	119	CLR	3	3
0.014	119	PEN	1	2
0.007	119	PEN	2	2
0.0035	119	PEN	3	2
0.12	119	MUP	1	2
0.06	119	MUP	2	2
0.03	119	MUP	3	2
0.1	119	RIF	1	2
0.05	119	RIF	2	2
0.025	119	RIF	3	2
0.125	119	VAN	1	2
0.0625	119	VAN	2	2
0.03125	119	VAN	3	2
2	119	VIR	1	2
1	119	VIR	2	2
0.5	119	VIR	3	2
