. Sequence file : [all_seq_phylip]

. Model of nucleotides substitution : GTR

. Initial tree : [BioNJ]


. Data	Nb of 	Likelihood	Discrete   	Number of 	Gamma shape	Proportion of	Nucleotides frequencies               	Instantaneous rate matrix              	
  set	taxa	loglk     	gamma model	categories	parameter  	invariant    	f(A)      f(C)      f(G)      f(T)    	[A---------C---------G---------T------]	

  #1	10   	-198277.55471	Yes        	4        	1.818    	0.163    	 0.27307   0.23597   0.25968   0.23128	-0.94575   0.26197   0.45012   0.23366  
      	     	          	           	          	           	             	                                      	 0.30316  -1.19061   0.20498   0.68248  
      	     	          	           	          	           	             	                                      	 0.47334   0.18626  -0.78409   0.12448  
      	     	          	           	          	           	             	                                      	 0.27589   0.69634   0.13977  -1.11200  

  #2	10   	-198667.89968	Yes        	4        	1.818    	0.163    	 0.27108   0.23890   0.26237   0.22765	-0.94784   0.25901   0.44624   0.24259  
      	     	          	           	          	           	             	                                      	 0.29390  -1.17452   0.21503   0.66559  
      	     	          	           	          	           	             	                                      	 0.46104   0.19579  -0.78140   0.12457  
      	     	          	           	          	           	             	                                      	 0.28886   0.69848   0.14357  -1.13091  

  #3	10   	-197725.20246	Yes        	4        	1.818    	0.163    	 0.27377   0.23330   0.26330   0.22963	-0.95548   0.25632   0.45876   0.24040  
      	     	          	           	          	           	             	                                      	 0.30079  -1.19059   0.20825   0.68155  
      	     	          	           	          	           	             	                                      	 0.47700   0.18453  -0.77860   0.11708  
      	     	          	           	          	           	             	                                      	 0.28662   0.69244   0.13424  -1.11330  

  #4	10   	-198287.10354	Yes        	4        	1.818    	0.163    	 0.27145   0.23614   0.26342   0.22899	-0.95591   0.25834   0.46129   0.23628  
      	     	          	           	          	           	             	                                      	 0.29697  -1.18814   0.21620   0.67497  
      	     	          	           	          	           	             	                                      	 0.47535   0.19382  -0.78334   0.11418  
      	     	          	           	          	           	             	                                      	 0.28010   0.69604   0.13134  -1.10748  

  #5	10   	-198637.45501	Yes        	4        	1.818    	0.163    	 0.27120   0.23632   0.25923   0.23325	-0.95844   0.25752   0.45748   0.24343  
      	     	          	           	          	           	             	                                      	 0.29554  -1.17921   0.20658   0.67709  
      	     	          	           	          	           	             	                                      	 0.47861   0.18832  -0.78746   0.12052  
      	     	          	           	          	           	             	                                      	 0.28303   0.68599   0.13395  -1.10297  

  #6	10   	-197989.04212	Yes        	4        	1.818    	0.163    	 0.27044   0.23659   0.26360   0.22938	-0.97085   0.26694   0.45451   0.24940  
      	     	          	           	          	           	             	                                      	 0.30513  -1.17451   0.20583   0.66355  
      	     	          	           	          	           	             	                                      	 0.46631   0.18475  -0.77154   0.12049  
      	     	          	           	          	           	             	                                      	 0.29404   0.68441   0.13846  -1.11691  

  #7	10   	-197923.41700	Yes        	4        	1.818    	0.163    	 0.27051   0.23788   0.26233   0.22928	-0.96329   0.25909   0.46278   0.24142  
      	     	          	           	          	           	             	                                      	 0.29463  -1.17215   0.20611   0.67142  
      	     	          	           	          	           	             	                                      	 0.47721   0.18690  -0.78105   0.11693  
      	     	          	           	          	           	             	                                      	 0.28483   0.69660   0.13378  -1.11521  

  #8	10   	-198655.79105	Yes        	4        	1.818    	0.163    	 0.26848   0.23678   0.26477   0.22997	-0.96670   0.26302   0.46250   0.24118  
      	     	          	           	          	           	             	                                      	 0.29824  -1.18484   0.21170   0.67491  
      	     	          	           	          	           	             	                                      	 0.46899   0.18932  -0.77361   0.11530  
      	     	          	           	          	           	             	                                      	 0.28157   0.69489   0.13275  -1.10921  

  #9	10   	-198503.66358	Yes        	4        	1.818    	0.163    	 0.27111   0.23780   0.26275   0.22834	-0.94805   0.25677   0.45073   0.24055  
      	     	          	           	          	           	             	                                      	 0.29274  -1.18001   0.20648   0.68079  
      	     	          	           	          	           	             	                                      	 0.46506   0.18687  -0.77365   0.12172  
      	     	          	           	          	           	             	                                      	 0.28562   0.70900   0.14006  -1.13468  

  #10	10   	-198429.16043	Yes        	4        	1.818    	0.163    	 0.26655   0.24027   0.26662   0.22656	-0.97896   0.26623   0.46643   0.24630  
      	     	          	           	          	           	             	                                      	 0.29535  -1.16112   0.19867   0.66711  
      	     	          	           	          	           	             	                                      	 0.46631   0.17904  -0.76176   0.11642  
      	     	          	           	          	           	             	                                      	 0.28977   0.70748   0.13700  -1.13425  

  #11	10   	-198052.17694	Yes        	4        	1.818    	0.163    	 0.27135   0.23502   0.26255   0.23109	-0.95426   0.26466   0.45210   0.23750  
      	     	          	           	          	           	             	                                      	 0.30557  -1.19880   0.21015   0.68307  
      	     	          	           	          	           	             	                                      	 0.46725   0.18812  -0.77398   0.11861  
      	     	          	           	          	           	             	                                      	 0.27887   0.69469   0.13476  -1.10832  

  #12	10   	-198096.32359	Yes        	4        	1.818    	0.163    	 0.27025   0.23813   0.26045   0.23117	-0.95179   0.27533   0.44728   0.22919  
      	     	          	           	          	           	             	                                      	 0.31246  -1.20104   0.20909   0.67949  
      	     	          	           	          	           	             	                                      	 0.46410   0.19117  -0.77499   0.11971  
      	     	          	           	          	           	             	                                      	 0.26793   0.69996   0.13488  -1.10278  

  #13	10   	-198218.68477	Yes        	4        	1.818    	0.163    	 0.27011   0.23606   0.26134   0.23249	-0.95526   0.25920   0.44530   0.25075  
      	     	          	           	          	           	             	                                      	 0.29659  -1.19274   0.20625   0.68989  
      	     	          	           	          	           	             	                                      	 0.46025   0.18630  -0.76299   0.11643  
      	     	          	           	          	           	             	                                      	 0.29133   0.70050   0.13088  -1.12271  

  #14	10   	-197862.41999	Yes        	4        	1.818    	0.163    	 0.26897   0.23634   0.26433   0.23036	-0.95445   0.26080   0.45894   0.23472  
      	     	          	           	          	           	             	                                      	 0.29680  -1.20273   0.21238   0.69355  
      	     	          	           	          	           	             	                                      	 0.46700   0.18989  -0.76726   0.11036  
      	     	          	           	          	           	             	                                      	 0.27406   0.71155   0.12663  -1.11224  

  #15	10   	-198117.31256	Yes        	4        	1.818    	0.163    	 0.26988   0.23686   0.26164   0.23162	-0.95956   0.25481   0.45487   0.24988  
      	     	          	           	          	           	             	                                      	 0.29033  -1.17150   0.20561   0.67556  
      	     	          	           	          	           	             	                                      	 0.46921   0.18614  -0.77886   0.12351  
      	     	          	           	          	           	             	                                      	 0.29116   0.69086   0.13951  -1.12154  

  #16	10   	-199039.32514	Yes        	4        	1.818    	0.163    	 0.27265   0.23394   0.26421   0.22921	-0.95409   0.26046   0.45209   0.24154  
      	     	          	           	          	           	             	                                      	 0.30356  -1.19822   0.20812   0.68654  
      	     	          	           	          	           	             	                                      	 0.46652   0.18427  -0.76652   0.11573  
      	     	          	           	          	           	             	                                      	 0.28732   0.70071   0.13340  -1.12143  

  #17	10   	-197743.44917	Yes        	4        	1.818    	0.163    	 0.27042   0.23788   0.26076   0.23094	-0.95617   0.26334   0.44895   0.24388  
      	     	          	           	          	           	             	                                      	 0.29938  -1.18514   0.20396   0.68180  
      	     	          	           	          	           	             	                                      	 0.46560   0.18607  -0.76950   0.11784  
      	     	          	           	          	           	             	                                      	 0.28557   0.70227   0.13305  -1.12088  

  #18	10   	-198734.96817	Yes        	4        	1.818    	0.163    	 0.27010   0.23702   0.26332   0.22955	-0.96181   0.26759   0.44667   0.24755  
      	     	          	           	          	           	             	                                      	 0.30494  -1.19457   0.20758   0.68205  
      	     	          	           	          	           	             	                                      	 0.45817   0.18684  -0.75649   0.11148  
      	     	          	           	          	           	             	                                      	 0.29127   0.70423   0.12788  -1.12338  

  #19	10   	-197543.48583	Yes        	4        	1.818    	0.163    	 0.26852   0.23889   0.26191   0.23069	-0.94923   0.25480   0.45319   0.24124  
      	     	          	           	          	           	             	                                      	 0.28640  -1.17433   0.20579   0.68213  
      	     	          	           	          	           	             	                                      	 0.46464   0.18771  -0.77834   0.12600  
      	     	          	           	          	           	             	                                      	 0.28080   0.70639   0.14305  -1.13023  

  #20	10   	-198977.12291	Yes        	4        	1.818    	0.163    	 0.27041   0.23910   0.26339   0.22710	-0.96350   0.26058   0.46140   0.24153  
      	     	          	           	          	           	             	                                      	 0.29470  -1.17001   0.20563   0.66969  
      	     	          	           	          	           	             	                                      	 0.47370   0.18667  -0.77490   0.11453  
      	     	          	           	          	           	             	                                      	 0.28760   0.70509   0.13284  -1.12553  

  #21	10   	-198857.97120	Yes        	4        	1.818    	0.163    	 0.26971   0.23700   0.26260   0.23069	-0.96017   0.26193   0.46349   0.23475  
      	     	          	           	          	           	             	                                      	 0.29809  -1.18834   0.21941   0.67084  
      	     	          	           	          	           	             	                                      	 0.47605   0.19802  -0.78848   0.11441  
      	     	          	           	          	           	             	                                      	 0.27445   0.68918   0.13023  -1.09386  

  #22	10   	-198647.75798	Yes        	4        	1.818    	0.163    	 0.27139   0.23633   0.26208   0.23020	-0.93935   0.26027   0.44418   0.23490  
      	     	          	           	          	           	             	                                      	 0.29888  -1.20509   0.21149   0.69472  
      	     	          	           	          	           	             	                                      	 0.45996   0.19071  -0.76861   0.11793  
      	     	          	           	          	           	             	                                      	 0.27693   0.71320   0.13426  -1.12439  

  #23	10   	-198139.44717	Yes        	4        	1.818    	0.163    	 0.26749   0.23562   0.26183   0.23506	-0.95501   0.26304   0.44940   0.24257  
      	     	          	           	          	           	             	                                      	 0.29861  -1.20553   0.21252   0.69439  
      	     	          	           	          	           	             	                                      	 0.45912   0.19125  -0.76821   0.11785  
      	     	          	           	          	           	             	                                      	 0.27603   0.69606   0.13127  -1.10336  

  #24	10   	-198197.82910	Yes        	4        	1.818    	0.163    	 0.27152   0.23703   0.26187   0.22959	-0.95067   0.25844   0.45571   0.23653  
      	     	          	           	          	           	             	                                      	 0.29604  -1.18841   0.20212   0.69024  
      	     	          	           	          	           	             	                                      	 0.47250   0.18296  -0.77139   0.11593  
      	     	          	           	          	           	             	                                      	 0.27972   0.71263   0.13223  -1.12458  

  #25	10   	-197332.81532	Yes        	4        	1.818    	0.163    	 0.27123   0.23546   0.26750   0.22581	-0.97626   0.26234   0.46733   0.24659  
      	     	          	           	          	           	             	                                      	 0.30220  -1.17319   0.21033   0.66066  
      	     	          	           	          	           	             	                                      	 0.47386   0.18514  -0.77162   0.11262  
      	     	          	           	          	           	             	                                      	 0.29619   0.68887   0.13341  -1.11847  

  #26	10   	-197870.30691	Yes        	4        	1.818    	0.163    	 0.27006   0.23545   0.26199   0.23250	-0.94337   0.25177   0.44969   0.24190  
      	     	          	           	          	           	             	                                      	 0.28878  -1.20479   0.21096   0.70505  
      	     	          	           	          	           	             	                                      	 0.46355   0.18959  -0.76595   0.11281  
      	     	          	           	          	           	             	                                      	 0.28098   0.71402   0.12712  -1.12213  

  #27	10   	-198103.12251	Yes        	4        	1.818    	0.163    	 0.27071   0.23530   0.26425   0.22974	-0.95197   0.26098   0.44602   0.24497  
      	     	          	           	          	           	             	                                      	 0.30026  -1.19647   0.21256   0.68366  
      	     	          	           	          	           	             	                                      	 0.45691   0.18927  -0.76507   0.11889  
      	     	          	           	          	           	             	                                      	 0.28865   0.70019   0.13675  -1.12559  

  #28	10   	-199304.74295	Yes        	4        	1.818    	0.163    	 0.26688   0.23739   0.26485   0.23088	-0.96277   0.26450   0.45463   0.24365  
      	     	          	           	          	           	             	                                      	 0.29736  -1.19327   0.21523   0.68068  
      	     	          	           	          	           	             	                                      	 0.45811   0.19291  -0.76572   0.11470  
      	     	          	           	          	           	             	                                      	 0.28163   0.69986   0.13158  -1.11307  

  #29	10   	-198936.69723	Yes        	4        	1.818    	0.163    	 0.27170   0.23335   0.26402   0.23092	-0.95085   0.25440   0.45753   0.23892  
      	     	          	           	          	           	             	                                      	 0.29621  -1.19385   0.21404   0.68360  
      	     	          	           	          	           	             	                                      	 0.47084   0.18917  -0.78191   0.12190  
      	     	          	           	          	           	             	                                      	 0.28112   0.69080   0.13937  -1.11129  

  #30	10   	-197590.42464	Yes        	4        	1.818    	0.163    	 0.27279   0.23428   0.26238   0.23054	-0.95173   0.25934   0.45005   0.24234  
      	     	          	           	          	           	             	                                      	 0.30197  -1.19451   0.21712   0.67543  
      	     	          	           	          	           	             	                                      	 0.46791   0.19386  -0.78094   0.11917  
      	     	          	           	          	           	             	                                      	 0.28675   0.68638   0.13562  -1.10876  

  #31	10   	-197500.43997	Yes        	4        	1.818    	0.163    	 0.27161   0.23630   0.26540   0.22669	-0.96597   0.25480   0.46419   0.24697  
      	     	          	           	          	           	             	                                      	 0.29288  -1.16556   0.21240   0.66029  
      	     	          	           	          	           	             	                                      	 0.47505   0.18911  -0.78255   0.11840  
      	     	          	           	          	           	             	                                      	 0.29590   0.68826   0.13861  -1.12278  

  #32	10   	-197877.63730	Yes        	4        	1.818    	0.163    	 0.27278   0.23528   0.26302   0.22891	-0.95122   0.24639   0.45643   0.24840  
      	     	          	           	          	           	             	                                      	 0.28566  -1.18215   0.21108   0.68541  
      	     	          	           	          	           	             	                                      	 0.47338   0.18882  -0.77471   0.11251  
      	     	          	           	          	           	             	                                      	 0.29600   0.70448   0.12927  -1.12976  

  #33	10   	-198897.47779	Yes        	4        	1.818    	0.163    	 0.27057   0.23948   0.26039   0.22955	-0.95805   0.25920   0.45401   0.24485  
      	     	          	           	          	           	             	                                      	 0.29284  -1.17445   0.20860   0.67302  
      	     	          	           	          	           	             	                                      	 0.47176   0.19185  -0.77746   0.11386  
      	     	          	           	          	           	             	                                      	 0.28860   0.70213   0.12916  -1.11988  

  #34	10   	-197899.68033	Yes        	4        	1.818    	0.163    	 0.26648   0.23840   0.26078   0.23433	-0.96550   0.26421   0.45139   0.24990  
      	     	          	           	          	           	             	                                      	 0.29533  -1.18500   0.20821   0.68146  
      	     	          	           	          	           	             	                                      	 0.46124   0.19034  -0.76898   0.11739  
      	     	          	           	          	           	             	                                      	 0.28418   0.69329   0.13064  -1.10812  

  #35	10   	-197897.66475	Yes        	4        	1.818    	0.163    	 0.27159   0.23664   0.26202   0.22975	-0.95702   0.26137   0.45444   0.24121  
      	     	          	           	          	           	             	                                      	 0.29997  -1.18013   0.20556   0.67460  
      	     	          	           	          	           	             	                                      	 0.47104   0.18565  -0.77806   0.12137  
      	     	          	           	          	           	             	                                      	 0.28513   0.69483   0.13841  -1.11838  

  #36	10   	-198093.84410	Yes        	4        	1.818    	0.163    	 0.27045   0.23662   0.26275   0.23018	-0.96847   0.26914   0.46454   0.23478  
      	     	          	           	          	           	             	                                      	 0.30763  -1.17101   0.20373   0.65965  
      	     	          	           	          	           	             	                                      	 0.47817   0.18347  -0.79021   0.12857  
      	     	          	           	          	           	             	                                      	 0.27586   0.67811   0.14676  -1.10073  

  #37	10   	-198396.55712	Yes        	4        	1.818    	0.163    	 0.27200   0.23510   0.26308   0.22982	-0.96050   0.25860   0.45687   0.24503  
      	     	          	           	          	           	             	                                      	 0.29919  -1.18390   0.21282   0.67189  
      	     	          	           	          	           	             	                                      	 0.47237   0.19018  -0.77943   0.11688  
      	     	          	           	          	           	             	                                      	 0.29000   0.68733   0.13379  -1.11112  

  #38	10   	-199033.33516	Yes        	4        	1.818    	0.163    	 0.26973   0.23783   0.26077   0.23167	-0.96963   0.26901   0.46108   0.23955  
      	     	          	           	          	           	             	                                      	 0.30509  -1.18146   0.20702   0.66935  
      	     	          	           	          	           	             	                                      	 0.47690   0.18880  -0.78091   0.11520  
      	     	          	           	          	           	             	                                      	 0.27889   0.68712   0.12968  -1.09569  

  #39	10   	-198496.08393	Yes        	4        	1.818    	0.163    	 0.27299   0.23768   0.26094   0.22839	-0.94362   0.26013   0.44019   0.24329  
      	     	          	           	          	           	             	                                      	 0.29878  -1.18846   0.20898   0.68069  
      	     	          	           	          	           	             	                                      	 0.46053   0.19035  -0.76947   0.11859  
      	     	          	           	          	           	             	                                      	 0.29080   0.70837   0.13550  -1.13466  

  #40	10   	-198322.98710	Yes        	4        	1.818    	0.163    	 0.27156   0.23375   0.26569   0.22900	-0.95817   0.24809   0.46309   0.24699  
      	     	          	           	          	           	             	                                      	 0.28822  -1.18363   0.21359   0.68182  
      	     	          	           	          	           	             	                                      	 0.47331   0.18791  -0.77602   0.11480  
      	     	          	           	          	           	             	                                      	 0.29289   0.69595   0.13319  -1.12203  

  #41	10   	-198215.35406	Yes        	4        	1.818    	0.163    	 0.26996   0.23682   0.26284   0.23039	-0.95083   0.26228   0.45187   0.23669  
      	     	          	           	          	           	             	                                      	 0.29899  -1.19328   0.21923   0.67507  
      	     	          	           	          	           	             	                                      	 0.46412   0.19753  -0.78160   0.11995  
      	     	          	           	          	           	             	                                      	 0.27734   0.69391   0.13684  -1.10810  

  #42	10   	-198827.87044	Yes        	4        	1.818    	0.163    	 0.27077   0.23584   0.26465   0.22874	-0.94859   0.25884   0.45557   0.23418  
      	     	          	           	          	           	             	                                      	 0.29718  -1.19108   0.21713   0.67677  
      	     	          	           	          	           	             	                                      	 0.46611   0.19349  -0.78178   0.12217  
      	     	          	           	          	           	             	                                      	 0.27721   0.69777   0.14135  -1.11633  

  #43	10   	-198953.89230	Yes        	4        	1.818    	0.163    	 0.27192   0.23750   0.25985   0.23073	-0.94901   0.25171   0.45858   0.23873  
      	     	          	           	          	           	             	                                      	 0.28819  -1.17556   0.20388   0.68350  
      	     	          	           	          	           	             	                                      	 0.47987   0.18634  -0.78627   0.12007  
      	     	          	           	          	           	             	                                      	 0.28134   0.70352   0.13522  -1.12008  

  #44	10   	-197278.28811	Yes        	4        	1.818    	0.163    	 0.27109   0.23299   0.26610   0.22983	-0.94783   0.25423   0.44687   0.24673  
      	     	          	           	          	           	             	                                      	 0.29581  -1.20987   0.22254   0.69152  
      	     	          	           	          	           	             	                                      	 0.45525   0.19485  -0.76318   0.11308  
      	     	          	           	          	           	             	                                      	 0.29102   0.70103   0.13092  -1.12297  

  #45	10   	-198609.44763	Yes        	4        	1.818    	0.163    	 0.26954   0.23679   0.26304   0.23063	-0.95764   0.26465   0.45951   0.23348  
      	     	          	           	          	           	             	                                      	 0.30126  -1.19690   0.21572   0.67992  
      	     	          	           	          	           	             	                                      	 0.47087   0.19420  -0.77835   0.11328  
      	     	          	           	          	           	             	                                      	 0.27287   0.69807   0.12920  -1.10014  

  #46	10   	-198446.26284	Yes        	4        	1.818    	0.163    	 0.27058   0.23896   0.26325   0.22721	-0.95765   0.26352   0.45271   0.24142  
      	     	          	           	          	           	             	                                      	 0.29839  -1.17658   0.20748   0.67071  
      	     	          	           	          	           	             	                                      	 0.46532   0.18833  -0.77152   0.11788  
      	     	          	           	          	           	             	                                      	 0.28749   0.70537   0.13657  -1.12944  

  #47	10   	-198317.17607	Yes        	4        	1.818    	0.163    	 0.26926   0.23663   0.26342   0.23070	-0.95994   0.25552   0.45742   0.24700  
      	     	          	           	          	           	             	                                      	 0.29076  -1.17637   0.20951   0.67610  
      	     	          	           	          	           	             	                                      	 0.46757   0.18821  -0.77712   0.12134  
      	     	          	           	          	           	             	                                      	 0.28829   0.69349   0.13855  -1.12033  

  #48	10   	-197664.06939	Yes        	4        	1.818    	0.163    	 0.27061   0.23597   0.26461   0.22881	-0.96497   0.25930   0.45894   0.24673  
      	     	          	           	          	           	             	                                      	 0.29736  -1.17453   0.20625   0.67091  
      	     	          	           	          	           	             	                                      	 0.46934   0.18393  -0.77376   0.12049  
      	     	          	           	          	           	             	                                      	 0.29181   0.69192   0.13934  -1.12307  

  #49	10   	-198136.27199	Yes        	4        	1.818    	0.163    	 0.27053   0.23666   0.26175   0.23106	-0.96479   0.27060   0.45628   0.23791  
      	     	          	           	          	           	             	                                      	 0.30932  -1.18875   0.20443   0.67500  
      	     	          	           	          	           	             	                                      	 0.47158   0.18484  -0.77435   0.11793  
      	     	          	           	          	           	             	                                      	 0.27855   0.69137   0.13359  -1.10351  

  #50	10   	-198712.48815	Yes        	4        	1.818    	0.163    	 0.27184   0.23668   0.26328   0.22820	-0.95198   0.26321   0.44293   0.24583  
      	     	          	           	          	           	             	                                      	 0.30231  -1.19649   0.20688   0.68730  
      	     	          	           	          	           	             	                                      	 0.45732   0.18597  -0.75567   0.11237  
      	     	          	           	          	           	             	                                      	 0.29284   0.71283   0.12964  -1.13532  

  #51	10   	-199077.10774	Yes        	4        	1.818    	0.163    	 0.27170   0.23626   0.26242   0.22961	-0.93860   0.25407   0.44786   0.23667  
      	     	          	           	          	           	             	                                      	 0.29218  -1.19100   0.20377   0.69505  
      	     	          	           	          	           	             	                                      	 0.46369   0.18346  -0.77147   0.12431  
      	     	          	           	          	           	             	                                      	 0.28005   0.71518   0.14208  -1.13731  

  #52	10   	-197906.59949	Yes        	4        	1.818    	0.163    	 0.27182   0.23526   0.26450   0.22842	-0.96133   0.25831   0.45440   0.24862  
      	     	          	           	          	           	             	                                      	 0.29845  -1.17805   0.20917   0.67043  
      	     	          	           	          	           	             	                                      	 0.46699   0.18605  -0.77310   0.12006  
      	     	          	           	          	           	             	                                      	 0.29586   0.69050   0.13902  -1.12538  

  #53	10   	-198350.06566	Yes        	4        	1.818    	0.163    	 0.27102   0.23501   0.26319   0.23079	-0.95082   0.25506   0.45602   0.23974  
      	     	          	           	          	           	             	                                      	 0.29415  -1.19232   0.21554   0.68263  
      	     	          	           	          	           	             	                                      	 0.46959   0.19247  -0.78073   0.11867  
      	     	          	           	          	           	             	                                      	 0.28153   0.69511   0.13533  -1.11197  

  #54	10   	-198864.19728	Yes        	4        	1.818    	0.163    	 0.26785   0.23917   0.26103   0.23195	-0.95400   0.25943   0.44549   0.24908  
      	     	          	           	          	           	             	                                      	 0.29053  -1.18427   0.19625   0.69749  
      	     	          	           	          	           	             	                                      	 0.45712   0.17981  -0.75461   0.11768  
      	     	          	           	          	           	             	                                      	 0.28763   0.71921   0.13243  -1.13927  

  #55	10   	-197071.09369	Yes        	4        	1.818    	0.163    	 0.26953   0.23395   0.26436   0.23216	-0.96979   0.25903   0.46734   0.24342  
      	     	          	           	          	           	             	                                      	 0.29842  -1.19175   0.20637   0.68696  
      	     	          	           	          	           	             	                                      	 0.47648   0.18264  -0.77115   0.11203  
      	     	          	           	          	           	             	                                      	 0.28261   0.69226   0.12756  -1.10243  

  #56	10   	-198302.43876	Yes        	4        	1.818    	0.163    	 0.26982   0.23944   0.26038   0.23036	-0.97230   0.26476   0.45624   0.25131  
      	     	          	           	          	           	             	                                      	 0.29835  -1.16793   0.20258   0.66700  
      	     	          	           	          	           	             	                                      	 0.47277   0.18629  -0.77214   0.11308  
      	     	          	           	          	           	             	                                      	 0.29435   0.69327   0.12782  -1.11545  

  #57	10   	-198918.89092	Yes        	4        	1.818    	0.163    	 0.26780   0.24041   0.26177   0.23002	-0.95320   0.25430   0.45553   0.24337  
      	     	          	           	          	           	             	                                      	 0.28328  -1.17565   0.20722   0.68515  
      	     	          	           	          	           	             	                                      	 0.46603   0.19031  -0.77171   0.11536  
      	     	          	           	          	           	             	                                      	 0.28334   0.71608   0.13129  -1.13070  

  #58	10   	-198018.52731	Yes        	4        	1.818    	0.163    	 0.26936   0.23533   0.26128   0.23403	-0.96342   0.25659   0.45246   0.25437  
      	     	          	           	          	           	             	                                      	 0.29369  -1.17368   0.20327   0.67672  
      	     	          	           	          	           	             	                                      	 0.46645   0.18309  -0.77738   0.12784  
      	     	          	           	          	           	             	                                      	 0.29277   0.68050   0.14272  -1.11599  

  #59	10   	-198256.08732	Yes        	4        	1.818    	0.163    	 0.27213   0.23576   0.26254   0.22957	-0.93571   0.25446   0.44362   0.23763  
      	     	          	           	          	           	             	                                      	 0.29371  -1.20552   0.21570   0.69611  
      	     	          	           	          	           	             	                                      	 0.45983   0.19370  -0.76930   0.11578  
      	     	          	           	          	           	             	                                      	 0.28169   0.71488   0.13240  -1.12898  

  #60	10   	-197730.55137	Yes        	4        	1.818    	0.163    	 0.27401   0.23319   0.26415   0.22865	-0.95283   0.25701   0.45455   0.24126  
      	     	          	           	          	           	             	                                      	 0.30201  -1.20277   0.20926   0.69151  
      	     	          	           	          	           	             	                                      	 0.47152   0.18473  -0.76554   0.10929  
      	     	          	           	          	           	             	                                      	 0.28912   0.70521   0.12626  -1.12059  

  #61	10   	-198754.02286	Yes        	4        	1.818    	0.163    	 0.27131   0.23433   0.26180   0.23257	-0.95531   0.26305   0.45185   0.24042  
      	     	          	           	          	           	             	                                      	 0.30457  -1.20525   0.21443   0.68626  
      	     	          	           	          	           	             	                                      	 0.46826   0.19193  -0.77388   0.11369  
      	     	          	           	          	           	             	                                      	 0.28045   0.69143   0.12798  -1.09986  

  #62	10   	-198364.71846	Yes        	4        	1.818    	0.163    	 0.26858   0.23702   0.26219   0.23221	-0.97512   0.25873   0.46350   0.25289  
      	     	          	           	          	           	             	                                      	 0.29319  -1.17493   0.20763   0.67411  
      	     	          	           	          	           	             	                                      	 0.47480   0.18770  -0.77354   0.11104  
      	     	          	           	          	           	             	                                      	 0.29249   0.68806   0.12537  -1.10592  

  #63	10   	-198324.02267	Yes        	4        	1.818    	0.163    	 0.27312   0.23780   0.26430   0.22478	-0.95670   0.25569   0.45033   0.25068  
      	     	          	           	          	           	             	                                      	 0.29367  -1.16505   0.19431   0.67707  
      	     	          	           	          	           	             	                                      	 0.46535   0.17483  -0.75933   0.11915  
      	     	          	           	          	           	             	                                      	 0.30459   0.71630   0.14010  -1.16099  

  #64	10   	-199046.64908	Yes        	4        	1.818    	0.163    	 0.27059   0.23540   0.26121   0.23279	-0.95857   0.25693   0.45804   0.24360  
      	     	          	           	          	           	             	                                      	 0.29534  -1.18149   0.20533   0.68083  
      	     	          	           	          	           	             	                                      	 0.47449   0.18503  -0.78209   0.12256  
      	     	          	           	          	           	             	                                      	 0.28316   0.68846   0.13753  -1.10914  

  #65	10   	-198352.01324	Yes        	4        	1.818    	0.163    	 0.27210   0.23559   0.26297   0.22933	-0.95049   0.25641   0.44776   0.24632  
      	     	          	           	          	           	             	                                      	 0.29614  -1.19137   0.21355   0.68167  
      	     	          	           	          	           	             	                                      	 0.46329   0.19132  -0.77045   0.11584  
      	     	          	           	          	           	             	                                      	 0.29226   0.70028   0.13283  -1.12537  

  #66	10   	-197962.79742	Yes        	4        	1.818    	0.163    	 0.27179   0.23454   0.26372   0.22995	-0.96567   0.25136   0.46898   0.24534  
      	     	          	           	          	           	             	                                      	 0.29128  -1.17171   0.21278   0.66765  
      	     	          	           	          	           	             	                                      	 0.48332   0.18924  -0.79027   0.11771  
      	     	          	           	          	           	             	                                      	 0.28997   0.68099   0.13500  -1.10596  

  #67	10   	-198684.91252	Yes        	4        	1.818    	0.163    	 0.27010   0.23440   0.26625   0.22925	-0.95348   0.25212   0.45515   0.24620  
      	     	          	           	          	           	             	                                      	 0.29052  -1.19553   0.21520   0.68981  
      	     	          	           	          	           	             	                                      	 0.46174   0.18946  -0.76512   0.11392  
      	     	          	           	          	           	             	                                      	 0.29007   0.70530   0.13230  -1.12767  

  #68	10   	-198807.84435	Yes        	4        	1.818    	0.163    	 0.26832   0.23707   0.26568   0.22892	-0.96889   0.27224   0.45726   0.23939  
      	     	          	           	          	           	             	                                      	 0.30812  -1.18386   0.20506   0.67068  
      	     	          	           	          	           	             	                                      	 0.46180   0.18297  -0.76677   0.12199  
      	     	          	           	          	           	             	                                      	 0.28059   0.69457   0.14158  -1.11675  

  #69	10   	-199109.44759	Yes        	4        	1.818    	0.163    	 0.27063   0.23571   0.26223   0.23142	-0.95205   0.25566   0.45236   0.24404  
      	     	          	           	          	           	             	                                      	 0.29354  -1.19518   0.21612   0.68552  
      	     	          	           	          	           	             	                                      	 0.46685   0.19427  -0.77481   0.11369  
      	     	          	           	          	           	             	                                      	 0.28539   0.69823   0.12883  -1.11245  

  #70	10   	-197588.29401	Yes        	4        	1.818    	0.163    	 0.27121   0.23468   0.26559   0.22853	-0.95809   0.26976   0.45456   0.23378  
      	     	          	           	          	           	             	                                      	 0.31175  -1.20400   0.21009   0.68215  
      	     	          	           	          	           	             	                                      	 0.46418   0.18564  -0.76566   0.11584  
      	     	          	           	          	           	             	                                      	 0.27744   0.70052   0.13462  -1.11259  

  #71	10   	-198646.54987	Yes        	4        	1.818    	0.163    	 0.27309   0.23638   0.26087   0.22967	-0.93851   0.25764   0.44207   0.23879  
      	     	          	           	          	           	             	                                      	 0.29765  -1.18658   0.20971   0.67922  
      	     	          	           	          	           	             	                                      	 0.46278   0.19003  -0.78153   0.12872  
      	     	          	           	          	           	             	                                      	 0.28393   0.69908   0.14621  -1.12923  

  #72	10   	-198176.65373	Yes        	4        	1.818    	0.163    	 0.27387   0.23528   0.26197   0.22888	-0.94229   0.26539   0.44095   0.23595  
      	     	          	           	          	           	             	                                      	 0.30893  -1.21033   0.21520   0.68620  
      	     	          	           	          	           	             	                                      	 0.46098   0.19327  -0.76821   0.11395  
      	     	          	           	          	           	             	                                      	 0.28233   0.70539   0.13043  -1.11815  

  #73	10   	-197964.27648	Yes        	4        	1.818    	0.163    	 0.27171   0.23583   0.26075   0.23170	-0.94324   0.26060   0.44073   0.24191  
      	     	          	           	          	           	             	                                      	 0.30025  -1.19573   0.21216   0.68332  
      	     	          	           	          	           	             	                                      	 0.45926   0.19189  -0.77589   0.12475  
      	     	          	           	          	           	             	                                      	 0.28368   0.69549   0.14039  -1.11956  

  #74	10   	-199655.36371	Yes        	4        	1.818    	0.163    	 0.27062   0.23741   0.26195   0.23002	-0.95999   0.26365   0.45143   0.24490  
      	     	          	           	          	           	             	                                      	 0.30053  -1.18816   0.21491   0.67271  
      	     	          	           	          	           	             	                                      	 0.46637   0.19477  -0.77369   0.11255  
      	     	          	           	          	           	             	                                      	 0.28812   0.69431   0.12817  -1.11060  

  #75	10   	-198056.18777	Yes        	4        	1.818    	0.163    	 0.27141   0.23700   0.26263   0.22896	-0.94110   0.25882   0.44264   0.23965  
      	     	          	           	          	           	             	                                      	 0.29640  -1.19496   0.20540   0.69316  
      	     	          	           	          	           	             	                                      	 0.45744   0.18535  -0.76318   0.12039  
      	     	          	           	          	           	             	                                      	 0.28408   0.71749   0.13809  -1.13966  

  #76	10   	-198909.44335	Yes        	4        	1.818    	0.163    	 0.27348   0.23583   0.26332   0.22737	-0.95828   0.26820   0.45073   0.23935  
      	     	          	           	          	           	             	                                      	 0.31102  -1.18425   0.20284   0.67039  
      	     	          	           	          	           	             	                                      	 0.46814   0.18166  -0.77131   0.12151  
      	     	          	           	          	           	             	                                      	 0.28788   0.69532   0.14071  -1.12392  

  #77	10   	-198834.85623	Yes        	4        	1.818    	0.163    	 0.27384   0.23652   0.25994   0.22971	-0.93625   0.25327   0.44011   0.24286  
      	     	          	           	          	           	             	                                      	 0.29324  -1.18919   0.20799   0.68796  
      	     	          	           	          	           	             	                                      	 0.46365   0.18925  -0.77490   0.12200  
      	     	          	           	          	           	             	                                      	 0.28952   0.70835   0.13805  -1.13593  

  #78	10   	-198880.11258	Yes        	4        	1.818    	0.163    	 0.26881   0.23656   0.26630   0.22833	-0.96140   0.25508   0.46372   0.24260  
      	     	          	           	          	           	             	                                      	 0.28984  -1.18173   0.21061   0.68128  
      	     	          	           	          	           	             	                                      	 0.46809   0.18710  -0.77002   0.11483  
      	     	          	           	          	           	             	                                      	 0.28561   0.70584   0.13392  -1.12538  

  #79	10   	-199136.00153	Yes        	4        	1.818    	0.163    	 0.27139   0.23794   0.26248   0.22819	-0.95895   0.25961   0.45816   0.24117  
      	     	          	           	          	           	             	                                      	 0.29611  -1.17236   0.21447   0.66178  
      	     	          	           	          	           	             	                                      	 0.47371   0.19442  -0.78721   0.11908  
      	     	          	           	          	           	             	                                      	 0.28683   0.69006   0.13697  -1.11387  

  #80	10   	-198875.84814	Yes        	4        	1.818    	0.163    	 0.26791   0.23841   0.26306   0.23061	-0.96602   0.26786   0.45832   0.23984  
      	     	          	           	          	           	             	                                      	 0.30100  -1.17532   0.20068   0.67365  
      	     	          	           	          	           	             	                                      	 0.46675   0.18187  -0.77310   0.12448  
      	     	          	           	          	           	             	                                      	 0.27862   0.69643   0.14199  -1.11705  

  #81	10   	-199039.90010	Yes        	4        	1.818    	0.163    	 0.27178   0.23642   0.26579   0.22601	-0.94730   0.26162   0.44846   0.23722  
      	     	          	           	          	           	             	                                      	 0.30074  -1.19263   0.20648   0.68540  
      	     	          	           	          	           	             	                                      	 0.45857   0.18366  -0.76145   0.11922  
      	     	          	           	          	           	             	                                      	 0.28526   0.71696   0.14020  -1.14242  

  #82	10   	-197212.35580	Yes        	4        	1.818    	0.163    	 0.26863   0.23568   0.26530   0.23039	-0.95912   0.26621   0.45674   0.23618  
      	     	          	           	          	           	             	                                      	 0.30342  -1.19097   0.20401   0.68353  
      	     	          	           	          	           	             	                                      	 0.46248   0.18124  -0.76874   0.12503  
      	     	          	           	          	           	             	                                      	 0.27539   0.69925   0.14397  -1.11861  

  #83	10   	-197722.95503	Yes        	4        	1.818    	0.163    	 0.27287   0.23617   0.26203   0.22893	-0.94470   0.25737   0.44842   0.23891  
      	     	          	           	          	           	             	                                      	 0.29736  -1.19559   0.21763   0.68060  
      	     	          	           	          	           	             	                                      	 0.46698   0.19615  -0.77795   0.11482  
      	     	          	           	          	           	             	                                      	 0.28475   0.70212   0.13141  -1.11828  

  #84	10   	-198371.93704	Yes        	4        	1.818    	0.163    	 0.27037   0.23805   0.26217   0.22942	-0.96679   0.26156   0.45807   0.24716  
      	     	          	           	          	           	             	                                      	 0.29707  -1.17148   0.20297   0.67143  
      	     	          	           	          	           	             	                                      	 0.47240   0.18430  -0.77289   0.11620  
      	     	          	           	          	           	             	                                      	 0.29127   0.69668   0.13278  -1.12074  

  #85	10   	-199320.80958	Yes        	4        	1.818    	0.163    	 0.27272   0.23491   0.26193   0.23043	-0.94503   0.26031   0.45553   0.22919  
      	     	          	           	          	           	             	                                      	 0.30222  -1.19778   0.20650   0.68907  
      	     	          	           	          	           	             	                                      	 0.47429   0.18519  -0.78124   0.12175  
      	     	          	           	          	           	             	                                      	 0.27125   0.70245   0.13840  -1.11210  

  #86	10   	-198444.36643	Yes        	4        	1.818    	0.163    	 0.26999   0.23658   0.26306   0.23038	-0.96631   0.26121   0.46252   0.24259  
      	     	          	           	          	           	             	                                      	 0.29810  -1.18535   0.21326   0.67399  
      	     	          	           	          	           	             	                                      	 0.47471   0.19180  -0.77753   0.11102  
      	     	          	           	          	           	             	                                      	 0.28429   0.69211   0.12677  -1.10317  

  #87	10   	-198385.05509	Yes        	4        	1.818    	0.163    	 0.27189   0.23487   0.26283   0.23041	-0.96375   0.25702   0.45640   0.25033  
      	     	          	           	          	           	             	                                      	 0.29753  -1.18592   0.21245   0.67594  
      	     	          	           	          	           	             	                                      	 0.47212   0.18984  -0.77348   0.11152  
      	     	          	           	          	           	             	                                      	 0.29540   0.68903   0.12721  -1.11165  

  #88	10   	-198295.97042	Yes        	4        	1.818    	0.163    	 0.27109   0.23555   0.26239   0.23096	-0.95692   0.25977   0.45842   0.23874  
      	     	          	           	          	           	             	                                      	 0.29896  -1.19572   0.20993   0.68682  
      	     	          	           	          	           	             	                                      	 0.47362   0.18845  -0.77394   0.11187  
      	     	          	           	          	           	             	                                      	 0.28022   0.70046   0.12709  -1.10778  

  #89	10   	-197705.81913	Yes        	4        	1.818    	0.163    	 0.27367   0.23640   0.26208   0.22785	-0.95158   0.25767   0.45401   0.23989  
      	     	          	           	          	           	             	                                      	 0.29830  -1.18662   0.20966   0.67866  
      	     	          	           	          	           	             	                                      	 0.47409   0.18911  -0.77609   0.11289  
      	     	          	           	          	           	             	                                      	 0.28813   0.70410   0.12985  -1.12208  

  #90	10   	-198299.02673	Yes        	4        	1.818    	0.163    	 0.26856   0.23755   0.26406   0.22983	-0.96883   0.26363   0.45953   0.24568  
      	     	          	           	          	           	             	                                      	 0.29804  -1.17534   0.20887   0.66843  
      	     	          	           	          	           	             	                                      	 0.46736   0.18790  -0.77421   0.11895  
      	     	          	           	          	           	             	                                      	 0.28707   0.69086   0.13666  -1.11460  

  #91	10   	-199567.64275	Yes        	4        	1.818    	0.163    	 0.26999   0.23592   0.26380   0.23029	-0.95693   0.25495   0.45809   0.24388  
      	     	          	           	          	           	             	                                      	 0.29176  -1.18839   0.22540   0.67122  
      	     	          	           	          	           	             	                                      	 0.46884   0.20158  -0.78456   0.11414  
      	     	          	           	          	           	             	                                      	 0.28592   0.68763   0.13074  -1.10429  

  #92	10   	-199144.23314	Yes        	4        	1.818    	0.163    	 0.27167   0.23546   0.26200   0.23087	-0.96076   0.25728   0.46052   0.24297  
      	     	          	           	          	           	             	                                      	 0.29684  -1.18233   0.21679   0.66871  
      	     	          	           	          	           	             	                                      	 0.47751   0.19483  -0.78872   0.11638  
      	     	          	           	          	           	             	                                      	 0.28590   0.68201   0.13208  -1.09998  

  #93	10   	-198878.66508	Yes        	4        	1.818    	0.163    	 0.27118   0.23743   0.26320   0.22818	-0.95071   0.25894   0.44409   0.24769  
      	     	          	           	          	           	             	                                      	 0.29575  -1.19011   0.20928   0.68508  
      	     	          	           	          	           	             	                                      	 0.45756   0.18880  -0.75969   0.11333  
      	     	          	           	          	           	             	                                      	 0.29436   0.71286   0.13072  -1.13795  

  #94	10   	-197464.68502	Yes        	4        	1.818    	0.163    	 0.27112   0.23490   0.26283   0.23115	-0.95773   0.25611   0.44980   0.25182  
      	     	          	           	          	           	             	                                      	 0.29560  -1.18968   0.21661   0.67747  
      	     	          	           	          	           	             	                                      	 0.46398   0.19359  -0.77294   0.11537  
      	     	          	           	          	           	             	                                      	 0.29536   0.68846   0.13119  -1.11501  

  #95	10   	-197708.27816	Yes        	4        	1.818    	0.163    	 0.27225   0.23457   0.25983   0.23335	-0.95073   0.25978   0.45229   0.23866  
      	     	          	           	          	           	             	                                      	 0.30151  -1.18974   0.20943   0.67880  
      	     	          	           	          	           	             	                                      	 0.47392   0.18907  -0.78925   0.12626  
      	     	          	           	          	           	             	                                      	 0.27845   0.68237   0.14059  -1.10141  

  #96	10   	-198667.23762	Yes        	4        	1.818    	0.163    	 0.27344   0.23322   0.26722   0.22612	-0.93485   0.25555   0.44570   0.23360  
      	     	          	           	          	           	             	                                      	 0.29961  -1.21363   0.21305   0.70097  
      	     	          	           	          	           	             	                                      	 0.45607   0.18594  -0.75881   0.11680  
      	     	          	           	          	           	             	                                      	 0.28248   0.72297   0.13803  -1.14347  

  #97	10   	-198591.66350	Yes        	4        	1.818    	0.163    	 0.27304   0.23580   0.26232   0.22885	-0.93351   0.25692   0.43868   0.23791  
      	     	          	           	          	           	             	                                      	 0.29749  -1.19692   0.21188   0.68755  
      	     	          	           	          	           	             	                                      	 0.45661   0.19046  -0.77299   0.12592  
      	     	          	           	          	           	             	                                      	 0.28386   0.70844   0.14434  -1.13663  

  #98	10   	-198276.55530	Yes        	4        	1.818    	0.163    	 0.27024   0.23996   0.26011   0.22969	-0.95960   0.25525   0.45443   0.24992  
      	     	          	           	          	           	             	                                      	 0.28745  -1.16237   0.20164   0.67327  
      	     	          	           	          	           	             	                                      	 0.47213   0.18602  -0.77631   0.11816  
      	     	          	           	          	           	             	                                      	 0.29404   0.70338   0.13381  -1.13123  

  #99	10   	-198720.42889	Yes        	4        	1.818    	0.163    	 0.26930   0.23563   0.26241   0.23266	-0.97212   0.25703   0.46735   0.24774  
      	     	          	           	          	           	             	                                      	 0.29376  -1.18515   0.20546   0.68593  
      	     	          	           	          	           	             	                                      	 0.47961   0.18449  -0.77146   0.10736  
      	     	          	           	          	           	             	                                      	 0.28675   0.69469   0.12109  -1.10253  

  #100	10   	-198053.62790	Yes        	4        	1.818    	0.163    	 0.26970   0.23786   0.26308   0.22937	-0.95878   0.25402   0.45579   0.24897  
      	     	          	           	          	           	             	                                      	 0.28803  -1.17039   0.20495   0.67741  
      	     	          	           	          	           	             	                                      	 0.46726   0.18531  -0.77247   0.11991  
      	     	          	           	          	           	             	                                      	 0.29275   0.70247   0.13753  -1.13275  

